0 0 1 0 1 0 0.5 0.5 -1.5
0.0418757 0 0.999123 0 1 0 0.416249 0.5 -1.49825
0.0836778 0 0.996493 0 1 0 0.332644 0.5 -1.49299
0.125333 0 0.992115 0 1 0 0.249334 0.5 -1.48423
0.166769 0 0.985996 0 1 0 0.166463 0.5 -1.47199
0.207912 0 0.978148 0 1 0 0.0841766 0.5 -1.4563
0.24869 0 0.968583 0 1 0 0.00262016 0.5 -1.43717
0.289032 0 0.957319 0 1 0 -0.0780637 0.5 -1.41464
0.328867 0 0.944376 0 1 0 -0.157734 0.5 -1.38875
0.368125 0 0.929776 0 1 0 -0.236249 0.5 -1.35955
0.406737 0 0.913545 0 1 0 -0.313473 0.5 -1.32709
0.444635 0 0.895712 0 1 0 -0.389271 0.5 -1.29142
0.481754 0 0.876307 0 1 0 -0.463508 0.5 -1.25261
0.518027 0 0.855364 0 1 0 -0.536054 0.5 -1.21073
0.553392 0 0.832921 0 1 0 -0.606783 0.5 -1.16584
0.587785 0 0.809017 0 1 0 -0.675571 0.5 -1.11803
0.621148 0 0.783693 0 1 0 -0.742296 0.5 -1.06739
0.653421 0 0.756995 0 1 0 -0.806841 0.5 -1.01399
0.684547 0 0.728969 0 1 0 -0.869095 0.5 -0.957937
0.714473 0 0.699663 0 1 0 -0.928946 0.5 -0.899326
0.743145 0 0.66913 0 1 0 -0.98629 0.5 -0.838261
0.770513 0 0.637424 0 1 0 -1.04103 0.5 -0.774848
0.79653 0 0.604599 0 1 0 -1.09306 0.5 -0.709198
0.821149 0 0.570713 0 1 0 -1.1423 0.5 -0.641427
0.844328 0 0.535827 0 1 0 -1.18866 0.5 -0.571653
0.866026 0 0.5 0 1 0 -1.23205 0.5 -0.5
0.886204 0 0.463296 0 1 0 -1.27241 0.5 -0.426592
0.904827 0 0.425779 0 1 0 -1.30965 0.5 -0.351558
0.921863 0 0.387515 0 1 0 -1.34373 0.5 -0.27503
0.937282 0 0.348572 0 1 0 -1.37456 0.5 -0.197144
0.951057 0 0.309017 0 1 0 -1.40211 0.5 -0.118033
0.963163 0 0.268919 0 1 0 -1.42633 0.5 -0.0378388
0.973579 0 0.228351 0 1 0 -1.44716 0.5 0.043299
0.982287 0 0.187381 0 1 0 -1.46457 0.5 0.125238
0.989272 0 0.146083 0 1 0 -1.47854 0.5 0.207835
0.994522 0 0.104528 0 1 0 -1.48904 0.5 0.290944
0.998027 0 0.0627902 0 1 0 -1.49605 0.5 0.37442
0.999781 0 0.0209421 0 1 0 -1.49956 0.5 0.458116
0.999781 0 -0.0209427 0 1 0 -1.49956 0.5 0.541885
0.998027 0 -0.0627909 0 1 0 -1.49605 0.5 0.625582
0.994522 0 -0.104529 0 1 0 -1.48904 0.5 0.709058
0.989272 0 -0.146083 0 1 0 -1.47854 0.5 0.792166
0.982287 0 -0.187382 0 1 0 -1.46457 0.5 0.874763
0.973579 0 -0.228351 0 1 0 -1.44716 0.5 0.956702
0.963162 0 -0.26892 0 1 0 -1.42632 0.5 1.03784
0.951057 0 -0.309017 0 1 0 -1.40211 0.5 1.11803
0.937282 0 -0.348572 0 1 0 -1.37456 0.5 1.19714
0.921863 0 -0.387516 0 1 0 -1.34373 0.5 1.27503
0.904827 0 -0.425779 0 1 0 -1.30965 0.5 1.35156
0.886203 0 -0.463296 0 1 0 -1.27241 0.5 1.42659
0.866025 0 -0.5 0 1 0 -1.23205 0.5 1.5
0.844328 0 -0.535827 0 1 0 -1.18866 0.5 1.57165
0.821149 0 -0.570714 0 1 0 -1.1423 0.5 1.64143
0.79653 0 -0.604599 0 1 0 -1.09306 0.5 1.7092
0.770513 0 -0.637424 0 1 0 -1.04103 0.5 1.77485
0.743145 0 -0.669131 0 1 0 -0.986289 0.5 1.83826
0.714472 0 -0.699664 0 1 0 -0.928945 0.5 1.89933
0.684547 0 -0.728969 0 1 0 -0.869094 0.5 1.95794
0.65342 0 -0.756995 0 1 0 -0.806841 0.5 2.01399
0.621148 0 -0.783694 0 1 0 -0.742295 0.5 2.06739
0.587785 0 -0.809017 0 1 0 -0.67557 0.5 2.11803
0.553391 0 -0.832922 0 1 0 -0.606783 0.5 2.16584
0.518027 0 -0.855364 0 1 0 -0.536053 0.5 2.21073
0.481753 0 -0.876307 0 1 0 -0.463507 0.5 2.25261
0.444635 0 -0.895712 0 1 0 -0.38927 0.5 2.29142
0.406736 0 -0.913546 0 1 0 -0.313473 0.5 2.32709
0.368124 0 -0.929777 0 1 0 -0.236249 0.5 2.35955
0.328866 0 -0.944376 0 1 0 -0.157733 0.5 2.38875
0.289032 0 -0.95732 0 1 0 -0.0780631 0.5 2.41464
0.24869 0 -0.968583 0 1 0 0.0026207 0.5 2.43717
0.207911 0 -0.978148 0 1 0 0.0841771 0.5 2.4563
0.166769 0 -0.985996 0 1 0 0.166463 0.5 2.47199
0.125333 0 -0.992115 0 1 0 0.249334 0.5 2.48423
0.0836776 0 -0.996493 0 1 0 0.332645 0.5 2.49299
0.0418754 0 -0.999123 0 1 0 0.416249 0.5 2.49825
-2.34693e-07 0 -1 0 1 0 0.5 0.5 2.5
-0.0418759 0 -0.999123 0 1 0 0.583752 0.5 2.49825
-0.0836781 0 -0.996493 0 1 0 0.667356 0.5 2.49299
-0.125333 0 -0.992115 0 1 0 0.750667 0.5 2.48423
-0.166769 0 -0.985996 0 1 0 0.833538 0.5 2.47199
-0.207912 0 -0.978148 0 1 0 0.915824 0.5 2.4563
-0.24869 0 -0.968583 0 1 0 0.99738 0.5 2.43717
-0.289032 0 -0.957319 0 1 0 1.07806 0.5 2.41464
-0.328867 0 -0.944376 0 1 0 1.15773 0.5 2.38875
-0.368125 0 -0.929776 0 1 0 1.23625 0.5 2.35955
-0.406737 0 -0.913545 0 1 0 1.31347 0.5 2.32709
-0.444635 0 -0.895712 0 1 0 1.38927 0.5 2.29142
-0.481754 0 -0.876307 0 1 0 1.46351 0.5 2.25261
-0.518027 0 -0.855364 0 1 0 1.53605 0.5 2.21073
-0.553392 0 -0.832921 0 1 0 1.60678 0.5 2.16584
-0.587786 0 -0.809017 0 1 0 1.67557 0.5 2.11803
-0.621148 0 -0.783693 0 1 0 1.7423 0.5 2.06739
-0.653421 0 -0.756995 0 1 0 1.80684 0.5 2.01399
-0.684547 0 -0.728968 0 1 0 1.86909 0.5 1.95794
-0.714473 0 -0.699663 0 1 0 1.92895 0.5 1.89933
-0.743145 0 -0.66913 0 1 0 1.98629 0.5 1.83826
-0.770514 0 -0.637424 0 1 0 2.04103 0.5 1.77485
-0.79653 0 -0.604599 0 1 0 2.09306 0.5 1.7092
-0.82115 0 -0.570713 0 1 0 2.1423 0.5 1.64143
-0.844328 0 -0.535826 0 1 0 2.18866 0.5 1.57165
-0.866026 0 -0.5 0 1 0 2.23205 0.5 1.5
-0.886204 0 -0.463296 0 1 0 2.27241 0.5 1.42659
-0.904827 0 -0.425779 0 1 0 2.30965 0.5 1.35156
-0.921863 0 -0.387515 0 1 0 2.34373 0.5 1.27503
-0.937282 0 -0.348572 0 1 0 2.37456 0.5 1.19714
-0.951057 0 -0.309016 0 1 0 2.40211 0.5 1.11803
-0.963163 0 -0.268919 0 1 0 2.42633 0.5 1.03784
-0.973579 0 -0.22835 0 1 0 2.44716 0.5 0.956701
-0.982287 0 -0.187381 0 1 0 2.46457 0.5 0.874762
-0.989273 0 -0.146083 0 1 0 2.47855 0.5 0.792165
-0.994522 0 -0.104528 0 1 0 2.48904 0.5 0.709056
-0.998027 0 -0.06279 0 1 0 2.49605 0.5 0.62558
-0.999781 0 -0.0209419 0 1 0 2.49956 0.5 0.541884
-0.999781 0 0.0209431 0 1 0 2.49956 0.5 0.458114
-0.998027 0 0.0627911 0 1 0 2.49605 0.5 0.374418
-0.994522 0 0.104529 0 1 0 2.48904 0.5 0.290942
-0.989272 0 0.146083 0 1 0 2.47854 0.5 0.207833
-0.982287 0 0.187382 0 1 0 2.46457 0.5 0.125237
-0.973579 0 0.228351 0 1 0 2.44716 0.5 0.0432972
-0.963162 0 0.26892 0 1 0 2.42632 0.5 -0.0378407
-0.951056 0 0.309017 0 1 0 2.40211 0.5 -0.118035
-0.937282 0 0.348573 0 1 0 2.37456 0.5 -0.197145
-0.921863 0 0.387516 0 1 0 2.34373 0.5 -0.275032
-0.904827 0 0.42578 0 1 0 2.30965 0.5 -0.35156
-0.886203 0 0.463296 0 1 0 2.27241 0.5 -0.426593
-0.866025 0 0.5 0 1 0 2.23205 0.5 -0.500001
-0.844328 0 0.535827 0 1 0 2.18866 0.5 -0.571654
-0.821149 0 0.570714 0 1 0 2.1423 0.5 -0.641428
-0.79653 0 0.6046 0 1 0 2.09306 0.5 -0.709199
-0.770513 0 0.637424 0 1 0 2.04103 0.5 -0.774849
-0.743144 0 0.669131 0 1 0 1.98629 0.5 -0.838262
-0.714472 0 0.699664 0 1 0 1.92894 0.5 -0.899328
-0.684547 0 0.728969 0 1 0 1.86909 0.5 -0.957938
-0.65342 0 0.756995 0 1 0 1.80684 0.5 -1.01399
-0.621147 0 0.783694 0 1 0 1.74229 0.5 -1.06739
-0.587785 0 0.809017 0 1 0 1.67557 0.5 -1.11803
-0.553391 0 0.832922 0 1 0 1.60678 0.5 -1.16584
-0.518027 0 0.855365 0 1 0 1.53605 0.5 -1.21073
-0.481753 0 0.876307 0 1 0 1.46351 0.5 -1.25261
-0.444635 0 0.895712 0 1 0 1.38927 0.5 -1.29142
-0.406736 0 0.913546 0 1 0 1.31347 0.5 -1.32709
-0.368124 0 0.929777 0 1 0 1.23625 0.5 -1.35955
-0.328866 0 0.944377 0 1 0 1.15773 0.5 -1.38875
-0.289031 0 0.95732 0 1 0 1.07806 0.5 -1.41464
-0.24869 0 0.968583 0 1 0 0.997379 0.5 -1.43717
-0.207911 0 0.978148 0 1 0 0.915823 0.5 -1.4563
-0.166768 0 0.985996 0 1 0 0.833537 0.5 -1.47199
-0.125333 0 0.992115 0 1 0 0.750666 0.5 -1.48423
-0.0836775 0 0.996493 0 1 0 0.667355 0.5 -1.49299
-0.0418753 0 0.999123 0 1 0 0.583751 0.5 -1.49825
