0 0 1 0 1 0 0.5 0.5 -1.5
0.0627905 0 0.998027 0 1 0 0.374419 0.5 -1.49605
0.125333 0 0.992115 0 1 0 0.249334 0.5 -1.48423
0.187381 0 0.982287 0 1 0 0.125237 0.5 -1.46457
0.24869 0 0.968583 0 1 0 0.00262016 0.5 -1.43717
0.309017 0 0.951056 0 1 0 -0.118034 0.5 -1.40211
0.368125 0 0.929776 0 1 0 -0.236249 0.5 -1.35955
0.425779 0 0.904827 0 1 0 -0.351559 0.5 -1.30965
0.481754 0 0.876307 0 1 0 -0.463507 0.5 -1.25261
0.535827 0 0.844328 0 1 0 -0.571654 0.5 -1.18866
0.587785 0 0.809017 0 1 0 -0.675571 0.5 -1.11803
0.637424 0 0.770513 0 1 0 -0.774848 0.5 -1.04103
0.684547 0 0.728969 0 1 0 -0.869094 0.5 -0.957937
0.728969 0 0.684547 0 1 0 -0.957937 0.5 -0.869094
0.770513 0 0.637424 0 1 0 -1.04103 0.5 -0.774848
0.809017 0 0.587785 0 1 0 -1.11803 0.5 -0.67557
0.844328 0 0.535827 0 1 0 -1.18866 0.5 -0.571653
0.876307 0 0.481754 0 1 0 -1.25261 0.5 -0.463507
0.904827 0 0.425779 0 1 0 -1.30965 0.5 -0.351558
0.929777 0 0.368124 0 1 0 -1.35955 0.5 -0.236249
0.951057 0 0.309017 0 1 0 -1.40211 0.5 -0.118034
0.968583 0 0.24869 0 1 0 -1.43717 0.5 0.00262082
0.982287 0 0.187381 0 1 0 -1.46457 0.5 0.125238
0.992115 0 0.125333 0 1 0 -1.48423 0.5 0.249334
0.998027 0 0.0627902 0 1 0 -1.49605 0.5 0.37442
1 0 -4.76837e-07 0 1 0 -1.5 0.5 0.500001
0.998027 0 -0.062791 0 1 0 -1.49605 0.5 0.625582
0.992115 0 -0.125334 0 1 0 -1.48423 0.5 0.750667
0.982287 0 -0.187382 0 1 0 -1.46457 0.5 0.874763
0.968583 0 -0.24869 0 1 0 -1.43717 0.5 0.99738
0.951057 0 -0.309017 0 1 0 -1.40211 0.5 1.11803
0.929776 0 -0.368125 0 1 0 -1.35955 0.5 1.23625
0.904827 0 -0.42578 0 1 0 -1.30965 0.5 1.35156
0.876307 0 -0.481754 0 1 0 -1.25261 0.5 1.46351
0.844328 0 -0.535827 0 1 0 -1.18866 0.5 1.57165
0.809017 0 -0.587785 0 1 0 -1.11803 0.5 1.67557
0.770513 0 -0.637424 0 1 0 -1.04103 0.5 1.77485
0.728969 0 -0.684547 0 1 0 -0.957937 0.5 1.86909
0.684547 0 -0.728969 0 1 0 -0.869094 0.5 1.95794
0.637424 0 -0.770513 0 1 0 -0.774848 0.5 2.04103
0.587785 0 -0.809017 0 1 0 -0.67557 0.5 2.11803
0.535827 0 -0.844328 0 1 0 -0.571654 0.5 2.18866
0.481754 0 -0.876307 0 1 0 -0.463507 0.5 2.25261
0.425779 0 -0.904827 0 1 0 -0.351559 0.5 2.30965
0.368125 0 -0.929777 0 1 0 -0.236249 0.5 2.35955
0.309017 0 -0.951057 0 1 0 -0.118034 0.5 2.40211
0.24869 0 -0.968583 0 1 0 0.00262034 0.5 2.43717
0.187381 0 -0.982287 0 1 0 0.125237 0.5 2.46457
0.125333 0 -0.992115 0 1 0 0.249334 0.5 2.48423
0.0627904 0 -0.998027 0 1 0 0.374419 0.5 2.49605
0.0626665 -0.0627905 -0.996057 0.00394264 0.998027 -0.0626666 0.376547 0.623697 2.46223
0.0622953 -0.125333 -0.990157 0.00786973 0.992115 -0.125086 0.379147 0.743147 2.4209
0.0616782 -0.187381 -0.980349 0.0117658 0.982287 -0.187012 0.382195 0.857898 2.37247
0.0608177 -0.24869 -0.966672 0.0156153 0.968583 -0.248199 0.385663 0.967537 2.31734
0.0597172 -0.309017 -0.94918 0.0194033 0.951056 -0.308407 0.389523 1.07168 2.25598
0.0583811 -0.368125 -0.927942 0.0231147 0.929776 -0.367398 0.393746 1.16999 2.18885
0.0568145 -0.425779 -0.903042 0.0267349 0.904827 -0.424939 0.398302 1.26215 2.11644
0.0550237 -0.481754 -0.874578 0.0302495 0.876307 -0.480803 0.403158 1.34789 2.03926
0.0530157 -0.535827 -0.842662 0.0336448 0.844328 -0.53477 0.408283 1.42698 1.95781
0.0507985 -0.587785 -0.807421 0.0369073 0.809017 -0.586625 0.413643 1.49924 1.87262
0.0483809 -0.637424 -0.768993 0.0400241 0.770513 -0.636166 0.419204 1.5645 1.78422
0.0457722 -0.684547 -0.72753 0.042983 0.728969 -0.683196 0.424933 1.62266 1.69315
0.042983 -0.728969 -0.683196 0.0457723 0.684547 -0.72753 0.430797 1.67364 1.59995
0.0400241 -0.770513 -0.636166 0.0483809 0.637424 -0.768993 0.436762 1.71741 1.50514
0.0369073 -0.809017 -0.586625 0.0507985 0.587785 -0.807421 0.442794 1.75398 1.40927
0.0336448 -0.844328 -0.53477 0.0530157 0.535827 -0.842662 0.44886 1.78338 1.31285
0.0302495 -0.876307 -0.480803 0.0550237 0.481753 -0.874578 0.454928 1.8057 1.2164
0.0267349 -0.904827 -0.424939 0.0568145 0.425779 -0.903042 0.460967 1.82105 1.12041
0.0231147 -0.929777 -0.367398 0.0583811 0.368124 -0.927942 0.466946 1.82958 1.02538
0.0194033 -0.951057 -0.308407 0.0597172 0.309017 -0.94918 0.472835 1.83148 0.93177
0.0156153 -0.968583 -0.248199 0.0608177 0.24869 -0.966672 0.478607 1.82696 0.840033
0.0117657 -0.982287 -0.187011 0.0616782 0.187381 -0.980349 0.484234 1.81627 0.750596
0.00786971 -0.992115 -0.125086 0.0622953 0.125333 -0.990157 0.489691 1.79967 0.663863
0.00394263 -0.998027 -0.0626664 0.0626665 0.0627903 -0.996057 0.494953 1.77747 0.580213
-7.45058e-09 -1 5.96046e-08 0.0627904 -2.38419e-07 -0.998027 0.5 1.75 0.5
-0.00394265 -0.998027 0.0626667 0.0626665 -0.0627908 -0.996057 0.50481 1.71759 0.423547
-0.00786974 -0.992115 0.125086 0.0622953 -0.125334 -0.990157 0.509365 1.68062 0.351147
-0.0117658 -0.982287 0.187012 0.0616782 -0.187382 -0.980349 0.513648 1.63945 0.283066
-0.0156154 -0.968583 0.248199 0.0608177 -0.24869 -0.966672 0.517645 1.5945 0.219535
-0.0194033 -0.951056 0.308408 0.0597172 -0.309018 -0.94918 0.521344 1.54616 0.160751
-0.0231147 -0.929776 0.367399 0.0583811 -0.368125 -0.927942 0.524733 1.49486 0.106883
-0.0267349 -0.904827 0.424939 0.0568145 -0.42578 -0.903041 0.527804 1.44102 0.0580626
-0.0302495 -0.876307 0.480803 0.0550237 -0.481754 -0.874577 0.530552 1.38507 0.0143883
-0.0336448 -0.844328 0.53477 0.0530157 -0.535827 -0.842662 0.532972 1.32744 -0.0240748
-0.0369073 -0.809017 0.586626 0.0507985 -0.587785 -0.80742 0.535062 1.26857 -0.057295
-0.0400241 -0.770513 0.636166 0.0483809 -0.637424 -0.768993 0.536822 1.20887 -0.0852737
-0.042983 -0.728969 0.683197 0.0457723 -0.684548 -0.72753 0.538255 1.14878 -0.108046
-0.0457723 -0.684547 0.72753 0.042983 -0.728969 -0.683196 0.539364 1.08871 -0.125677
-0.0483809 -0.637424 0.768993 0.0400241 -0.770514 -0.636166 0.540156 1.02906 -0.138265
-0.0507985 -0.587785 0.807421 0.0369073 -0.809017 -0.586625 0.540639 0.970229 -0.145938
-0.0530157 -0.535827 0.842662 0.0336448 -0.844328 -0.534769 0.540822 0.912587 -0.148851
-0.0550237 -0.481753 0.874578 0.0302495 -0.876307 -0.480803 0.540718 0.856498 -0.147188
-0.0568145 -0.425779 0.903042 0.0267349 -0.904827 -0.424939 0.540338 0.802304 -0.141161
-0.0583811 -0.368124 0.927942 0.0231147 -0.929777 -0.367398 0.539699 0.750325 -0.131002
-0.0597172 -0.309017 0.94918 0.0194033 -0.951057 -0.308407 0.538816 0.700861 -0.116968
-0.0608177 -0.24869 0.966672 0.0156153 -0.968583 -0.248199 0.537707 0.654188 -0.0993379
-0.0616782 -0.187381 0.980349 0.0117658 -0.982287 -0.187011 0.53639 0.610555 -0.0784072
-0.0622953 -0.125333 0.990157 0.00786973 -0.992115 -0.125086 0.534885 0.570187 -0.0544893
-0.0626665 -0.0627903 0.996057 0.00394264 -0.998027 -0.0626664 0.533213 0.533279 -0.0279118
-0.0627904 2.75301e-07 0.998027 -1.21213e-09 -1 2.75769e-07 0.531395 0.5 0.000985205
-0.187381 2.71112e-07 0.982287 -1.21214e-09 -1 2.7577e-07 0.593691 0.5 0.00885496
-0.309017 2.62647e-07 0.951057 -1.21214e-09 -1 2.7577e-07 0.654509 0.5 0.0244704
-0.425779 2.5004e-07 0.904827 -1.21213e-09 -1 2.75769e-07 0.71289 0.5 0.0475852
-0.535827 2.33489e-07 0.844328 -1.21214e-09 -1 2.7577e-07 0.767914 0.5 0.0778348
-0.637424 2.13257e-07 0.770513 -1.21213e-09 -1 2.7577e-07 0.818713 0.5 0.114742
-0.728969 1.89661e-07 0.684547 -1.21212e-09 -1 2.7577e-07 0.864485 0.5 0.157725
-0.809017 1.63074e-07 0.587785 -1.21211e-09 -1 2.75769e-07 0.90451 0.5 0.206106
-0.876307 1.33915e-07 0.481754 -1.21211e-09 -1 2.75769e-07 0.938155 0.5 0.259122
-0.929776 1.02645e-07 0.368125 -1.21213e-09 -1 2.75769e-07 0.96489 0.5 0.315937
-0.968583 6.97551e-08 0.24869 -1.21213e-09 -1 2.75769e-07 0.984293 0.5 0.375655
-0.992115 3.57657e-08 0.125333 -1.21213e-09 -1 2.75769e-07 0.996059 0.5 0.437333
-1 1.21213e-09 -1.19209e-07 -1.21213e-09 -1 2.75769e-07 1 0.5 0.5
-0.992115 -3.33605e-08 -0.125333 -1.21211e-09 -1 2.75769e-07 0.996059 0.5 0.562667
-0.968583 -6.7407e-08 -0.24869 -1.21213e-09 -1 2.75769e-07 0.984293 0.5 0.624345
-0.929777 -1.00391e-07 -0.368125 -1.21211e-09 -1 2.75769e-07 0.96489 0.5 0.684063
-0.876307 -1.31791e-07 -0.481753 -1.2121e-09 -1 2.75769e-07 0.938155 0.5 0.740877
-0.809017 -1.61113e-07 -0.587785 -1.2121e-09 -1 2.75769e-07 0.90451 0.5 0.793893
-0.728969 -1.87894e-07 -0.684547 -1.2121e-09 -1 2.75769e-07 0.864485 0.5 0.842275
-0.637424 -2.11711e-07 -0.770513 -1.2121e-09 -1 2.75769e-07 0.818713 0.5 0.885258
-0.535827 -2.3219e-07 -0.844328 -1.21211e-09 -1 2.75769e-07 0.767914 0.5 0.922165
-0.425779 -2.49008e-07 -0.904827 -1.2121e-09 -1 2.75769e-07 0.71289 0.5 0.952415
-0.309017 -2.61898e-07 -0.951057 -1.21211e-09 -1 2.75769e-07 0.654509 0.5 0.97553
-0.187381 -2.70658e-07 -0.982287 -1.21211e-09 -1 2.75769e-07 0.593691 0.5 0.991145
-0.0627905 -2.75149e-07 -0.998027 -1.21211e-09 -1 2.75769e-07 0.531395 0.5 0.999015
0.0627905 -2.75301e-07 -0.998027 -1.21211e-09 -1 2.75769e-07 0.468605 0.5 0.999015
0.187381 -2.71112e-07 -0.982287 -1.21211e-09 -1 2.7577e-07 0.406309 0.5 0.991145
0.309017 -2.62647e-07 -0.951057 -1.21211e-09 -1 2.7577e-07 0.345491 0.5 0.97553
0.425779 -2.5004e-07 -0.904827 -1.2121e-09 -1 2.75769e-07 0.28711 0.5 0.952415
0.535827 -2.33489e-07 -0.844328 -1.21211e-09 -1 2.7577e-07 0.232086 0.5 0.922165
0.637424 -2.13257e-07 -0.770514 -1.2121e-09 -1 2.7577e-07 0.181287 0.5 0.885258
0.728969 -1.89661e-07 -0.684547 -1.21209e-09 -1 2.7577e-07 0.135515 0.5 0.842275
0.809017 -1.63074e-07 -0.587785 -1.21209e-09 -1 2.7577e-07 0.0954903 0.5 0.793894
0.876307 -1.33915e-07 -0.481754 -1.21209e-09 -1 2.75769e-07 0.0618454 0.5 0.740878
0.929777 -1.02644e-07 -0.368125 -1.21209e-09 -1 2.75769e-07 0.0351104 0.5 0.684063
0.968583 -6.97551e-08 -0.24869 -1.2121e-09 -1 2.75769e-07 0.015707 0.5 0.624345
0.992115 -3.57656e-08 -0.125333 -1.21211e-09 -1 2.75769e-07 0.00394115 0.5 0.562667
1 -1.21207e-09 5.96046e-08 -1.2121e-09 -1 2.75769e-07 -1.43051e-06 0.5 0.5
0.992115 3.33606e-08 0.125333 -1.2121e-09 -1 2.75769e-07 0.00394115 0.5 0.437333
0.968583 6.74071e-08 0.24869 -1.21211e-09 -1 2.75769e-07 0.0157071 0.5 0.375655
0.929776 1.00391e-07 0.368125 -1.21211e-09 -1 2.75769e-07 0.0351104 0.5 0.315937
0.876307 1.31791e-07 0.481754 -1.21211e-09 -1 2.75769e-07 0.0618454 0.5 0.259122
0.809017 1.61113e-07 0.587785 -1.21211e-09 -1 2.75769e-07 0.0954903 0.5 0.206107
0.728969 1.87894e-07 0.684547 -1.21211e-09 -1 2.75769e-07 0.135515 0.5 0.157725
0.637424 2.11711e-07 0.770513 -1.21211e-09 -1 2.75769e-07 0.181287 0.5 0.114742
0.535827 2.3219e-07 0.844328 -1.21211e-09 -1 2.75769e-07 0.232086 0.5 0.0778348
0.425779 2.49008e-07 0.904827 -1.21211e-09 -1 2.75769e-07 0.28711 0.5 0.0475852
0.309017 2.61898e-07 0.951057 -1.21212e-09 -1 2.75769e-07 0.345491 0.5 0.0244704
0.187381 2.70658e-07 0.982287 -1.21212e-09 -1 2.75769e-07 0.406309 0.5 0.00885496
0.0627905 2.75149e-07 0.998027 -1.21212e-09 -1 2.75769e-07 0.468605 0.5 0.000985205
-0.0627906 2.75301e-07 0.998027 -1.21212e-09 -1 2.75769e-07 0.531395 0.5 0.000985205
